996
996
996
996
994
996
996
996
999
996
994
993
993
994
993
990
989
986
989
994
988
987
985
989
994
996
992
987
982
978
980
974
975
973
970
970
970
970
972
972
968
967
967
967
965
968
964
964
966
970
968
969
966
964
965
965
967
965
963
962
961
958
951
946
946
944
934
928
926
940
959
981
1009
1049
1100
1147
1181
1191
1178
1127
1059
992
950
936
938
951
957
958
958
956
959
958
960
961
961
958
955
958
956
958
957
958
957
958
957
957
954
952
958
958
964
961
959
959
957
958
957
954
954
954
955
959
959
957
957
953
960
958
959
959
958
956
955
957
957
955
952
953
954
957
961
956
959
954
959
958
956
954
956
954
957
955
956
959
955
953
956
958
958
956
955
952
952
956
956
958
955
951
953
953
952
953
949
948
951
953
952
951
950
948
950
950
951
951
952
951
952
957
958
960
958
955
962
963
963
965
964
965
966
970
974
975
975
972
972
974
979
976
976
972
974
977
973
972
976
972
975
975
972
973
973
970
969
970
971
970
969
967
970
971
973
967
967
966
968
970
970
971
966
967
967
968
966
969
963
965
964
966
965
963
961
964
964
968
968
965
966
963
967
964
963
962
961
958
961
965
967
961
960
959
960
965
962
963
959
957
960
960
961
964
962
961
965
962
965
963
965
964
962
967
967
966
964
962
962
966
967
967
971
968
968
969
973
975
972
978
979
984
983
984
980
979
981
978
980
980
977
976
977
978
979
983
982
976
966
966
963
961
959
959
958
960
961
962
958
955
954
955
955
953
956
954
959
956
959
961
954
954
955
957
958
957
953
952
951
947
938
936
930
921
